# name: debug
# type: sparse matrix
# nnz: 1170
# rows: 132
# columns: 132

1 1 843.829916217
2 1 -15.126995957
3 1 -544.393838832
4 1 -400.000000000
5 1 0.000000000
6 1 0.000000000
1 2 -15.126995957
2 2 833.639382704
3 2 377.343784810
4 2 0.000000000
5 2 -400.000000000
6 2 0.000000000
1 3 -544.393838832
2 3 377.343784810
3 3 28758.967538742
4 3 0.710445267
5 3 13.630936645
6 3 -10000.000000000
1 4 -400.000000000
2 4 0.000000000
3 4 0.710445267
4 4 802.300533360
5 4 0.000000000
6 4 -2.346976271
7 4 -400.000000000
8 4 0.000000000
9 4 0.000000000
1 5 0.000000000
2 5 -400.000000000
3 5 13.630936645
4 5 0.000000000
5 5 802.300533360
6 5 -10.177805314
7 5 0.000000000
8 5 -400.000000000
9 5 0.000000000
1 6 0.000000000
2 6 0.000000000
3 6 -10000.000000000
4 6 -2.346976271
5 6 -10.177805314
6 6 20002.573273407
7 6 2.346976271
8 6 10.177805314
9 6 -10000.000000000
4 7 -400.000000000
5 7 0.000000000
6 7 2.346976271
7 7 802.300533360
8 7 0.000000000
9 7 -3.892589891
10 7 -400.000000000
11 7 0.000000000
12 7 0.000000000
4 8 0.000000000
5 8 -400.000000000
6 8 10.177805314
7 8 0.000000000
8 8 802.300533360
9 8 -10.598659587
10 8 0.000000000
11 8 -400.000000000
12 8 0.000000000
4 9 0.000000000
5 9 0.000000000
6 9 -10000.000000000
7 9 -3.892589891
8 9 -10.598659587
9 9 20002.619242963
10 9 3.892589891
11 9 10.598659587
12 9 -10000.000000000
7 10 -400.000000000
8 10 0.000000000
9 10 3.892589891
10 10 802.300533360
11 10 0.000000000
12 10 -8.953373262
13 10 -400.000000000
14 10 0.000000000
15 10 0.000000000
7 11 0.000000000
8 11 -400.000000000
9 11 10.598659587
10 11 0.000000000
11 11 802.300533360
12 11 -10.029786223
13 11 0.000000000
14 11 -400.000000000
15 11 0.000000000
7 12 0.000000000
8 12 0.000000000
9 12 -10000.000000000
10 12 -8.953373262
11 12 -10.029786223
12 12 20002.752432122
13 12 8.953373262
14 12 10.029786223
15 12 -10000.000000000
10 13 -400.000000000
11 13 0.000000000
12 13 8.953373262
13 13 807.902130947
14 13 -5.117170546
15 13 -156.579681573
16 13 -400.000000000
17 13 0.000000000
18 13 0.000000000
10 14 0.000000000
11 14 -400.000000000
12 14 10.029786223
13 14 -5.117170546
14 14 803.495927153
15 14 74.572274370
16 14 0.000000000
17 14 -400.000000000
18 14 0.000000000
10 15 0.000000000
11 15 0.000000000
12 15 -10000.000000000
13 15 -156.579681573
14 15 74.572274370
15 15 23003.710432190
16 15 11.885718287
17 15 14.381241263
18 15 -10000.000000000
13 16 -400.000000000
14 16 0.000000000
15 16 11.885718287
16 16 808.198565806
17 16 -5.233646241
18 16 -160.073370028
19 16 -400.000000000
20 16 0.000000000
21 16 0.000000000
13 17 0.000000000
14 17 -400.000000000
15 17 14.381241263
16 17 -5.233646241
17 17 803.884855350
18 17 77.665288942
19 17 -0.000000000
20 17 -400.000000000
21 17 0.000000000
13 18 0.000000000
14 18 0.000000000
15 18 -10000.000000000
16 18 -160.073370028
17 18 77.665288942
18 18 23058.023333233
19 18 12.469646201
20 18 15.492901094
21 18 -10000.000000000
16 19 -400.000000000
17 19 -0.000000000
18 19 12.469646201
19 19 806.402646190
20 19 -4.788094743
21 19 -134.482040642
22 19 -400.000000000
23 19 -0.000000000
24 19 0.000000000
16 20 0.000000000
17 20 -400.000000000
18 20 15.492901094
19 20 -4.788094743
20 20 802.663650095
21 20 63.711303302
22 20 0.000000000
23 20 -400.000000000
24 20 0.000000000
16 21 0.000000000
17 21 0.000000000
18 21 -10000.000000000
19 21 -134.482040642
20 21 63.711303302
21 21 22781.160808528
22 21 7.846381783
23 21 17.648358687
24 21 -10000.000000000
19 22 -400.000000000
20 22 0.000000000
21 22 7.846381783
22 22 798.776710238
23 22 1.056439544
24 22 32.282912807
25 22 -400.000000000
26 22 0.000000000
27 22 0.000000000
19 23 -0.000000000
20 23 -400.000000000
21 23 17.648358687
22 23 1.056439544
23 23 798.901591245
24 23 -48.160184943
25 23 0.000000000
26 23 -400.000000000
27 23 0.000000000
19 24 0.000000000
20 24 0.000000000
21 24 -10000.000000000
22 24 32.282912807
23 24 -48.160184943
24 24 19411.898243489
25 24 4.613880885
26 24 12.269520816
27 24 -10000.000000000
22 25 -400.000000000
23 25 0.000000000
24 25 4.613880885
25 25 807.439902826
26 25 -5.726975194
27 25 -146.272461340
28 25 -400.000000000
29 25 0.000000000
30 25 0.000000000
22 26 0.000000000
23 26 -400.000000000
24 26 12.269520816
25 26 -5.726975194
26 26 803.829617865
27 26 90.108613407
28 26 0.000000000
29 26 -400.000000000
30 26 0.000000000
22 27 0.000000000
23 27 0.000000000
24 27 -10000.000000000
25 27 -146.272461340
26 27 90.108613407
27 27 23053.136531513
28 27 2.426507675
29 27 7.265964439
30 27 -10000.000000000
25 28 -400.000000000
26 28 0.000000000
27 28 2.426507675
28 28 807.735651607
29 28 -5.783082329
30 28 -148.245333970
31 28 -400.000000000
32 28 -0.000000000
33 28 0.000000000
25 29 0.000000000
26 29 -400.000000000
27 29 7.265964439
28 29 -5.783082329
29 29 804.117052830
30 29 90.206240563
31 29 0.000000000
32 29 -400.000000000
33 29 0.000000000
25 30 0.000000000
26 30 0.000000000
27 30 -10000.000000000
28 30 -148.245333970
29 30 90.206240563
30 30 23100.638715858
31 30 1.544939151
32 30 9.994650491
33 30 -10000.000000000
28 31 -400.000000000
29 31 0.000000000
30 31 1.544939151
31 31 808.925261453
32 31 -5.932555037
33 31 -160.069621689
34 31 -400.000000000
35 31 -0.000000000
36 31 0.000000000
28 32 -0.000000000
29 32 -400.000000000
30 32 9.994650491
31 32 -5.932555037
32 32 805.145524002
33 32 97.131041557
34 32 0.000000000
35 32 -400.000000000
36 32 0.000000000
28 33 0.000000000
29 33 0.000000000
30 33 -10000.000000000
31 33 -160.069621689
32 33 97.131041557
33 33 23271.465315798
34 33 2.577575425
35 33 12.762686286
36 33 -10000.000000000
31 34 -400.000000000
32 34 0.000000000
33 34 2.577575425
34 34 801.100321569
35 34 0.144524743
36 34 4.573537006
37 34 -400.000000000
38 34 -0.000000000
39 34 0.000000000
31 35 -0.000000000
32 35 -400.000000000
33 35 12.762686286
34 35 0.144524743
35 35 801.190013649
36 35 -23.892319850
37 35 0.000000000
38 35 -400.000000000
39 35 0.000000000
31 36 0.000000000
32 36 0.000000000
33 36 -10000.000000000
34 36 4.573537006
35 36 -23.892319850
36 36 19831.834510168
37 36 5.827155580
38 36 13.336958949
39 36 -10000.000000000
34 37 -400.000000000
35 37 0.000000000
36 37 5.827155580
37 37 801.543332535
38 37 -0.000000000
39 37 -1.001986761
40 37 -400.000000000
41 37 -0.000000000
42 37 0.000000000
34 38 -0.000000000
35 38 -400.000000000
36 38 13.336958949
37 38 0.000000000
38 38 801.543332535
39 38 -18.609774398
40 38 0.000000000
41 38 -400.000000000
42 38 0.000000000
34 39 0.000000000
35 39 0.000000000
36 39 -10000.000000000
37 39 -1.001986761
38 39 -18.609774398
39 39 19905.950669438
40 39 6.167904394
41 39 11.783037880
42 39 -10000.000000000
37 40 -400.000000000
38 40 0.000000000
39 40 6.167904394
40 40 801.796369658
41 40 -0.000000000
42 40 -0.190809878
43 40 -400.000000000
44 40 0.000000000
45 40 0.000000000
37 41 -0.000000000
38 41 -400.000000000
39 41 11.783037880
40 41 0.000000000
41 41 801.796369658
42 41 -20.076907795
43 41 0.000000000
44 41 -400.000000000
45 41 0.000000000
37 42 0.000000000
38 42 0.000000000
39 42 -10000.000000000
40 42 -0.190809878
41 42 -20.076907795
42 42 19938.326341484
43 42 3.622636058
44 42 15.516640331
45 42 -10000.000000000
40 43 -400.000000000
41 43 0.000000000
42 43 3.622636058
43 43 801.736621109
44 43 0.235372495
45 43 4.744033620
46 43 -400.000000000
47 43 0.000000000
48 43 0.000000000
40 44 0.000000000
41 44 -400.000000000
42 44 15.516640331
43 44 0.235372495
44 44 801.911563295
45 44 -20.000701719
46 44 0.000000000
47 44 -400.000000000
48 44 0.000000000
40 45 0.000000000
41 45 0.000000000
42 45 -10000.000000000
43 45 4.744033620
44 45 -20.000701719
45 45 19845.361110004
46 45 3.524502869
47 45 13.541148569
48 45 -10000.000000000
43 46 -400.000000000
44 46 0.000000000
45 46 3.524502869
46 46 802.115518348
47 46 0.022522490
48 46 -7.601974414
49 46 -400.000000000
50 46 0.000000000
51 46 0.000000000
43 47 0.000000000
44 47 -400.000000000
45 47 13.541148569
46 47 0.022522490
47 47 802.131596243
48 47 -6.070745272
49 47 0.000000000
50 47 -400.000000000
51 47 0.000000000
43 48 0.000000000
44 48 0.000000000
45 48 -10000.000000000
46 48 -7.601974414
47 48 -6.070745272
48 48 19975.985186125
49 48 9.207705024
50 48 4.441069940
51 48 -10000.000000000
46 49 -400.000000000
47 49 0.000000000
48 49 9.207705024
49 49 802.094018637
50 49 0.000000000
51 49 -2.627614306
52 49 -400.000000000
53 49 0.000000000
54 49 0.000000000
46 50 0.000000000
47 50 -400.000000000
48 50 4.441069940
49 50 0.000000000
50 50 802.094018637
51 50 -3.826625474
52 50 0.000000000
53 50 -400.000000000
54 50 0.000000000
46 51 0.000000000
47 51 0.000000000
48 51 -10000.000000000
49 51 -2.627614306
50 51 -3.826625474
51 51 19975.685740648
52 51 4.024909625
53 51 1.941361047
54 51 -10000.000000000
49 52 -400.000000000
50 52 0.000000000
51 52 4.024909625
52 52 802.065304341
53 52 0.091310220
54 52 3.150518598
55 52 -400.000000000
56 52 0.000000000
57 52 0.000000000
49 53 0.000000000
50 53 -400.000000000
51 53 1.941361047
52 53 0.091310220
53 53 802.138320408
54 53 0.221502900
55 53 0.000000000
56 53 -400.000000000
57 53 0.000000000
49 54 0.000000000
50 54 0.000000000
51 54 -10000.000000000
52 54 3.150518598
53 54 0.221502900
54 54 19939.763165188
55 54 0.176915125
56 54 -2.813262383
57 54 -10000.000000000
52 55 -400.000000000
53 55 0.000000000
54 55 0.176915125
55 55 802.182711549
56 55 0.000000000
57 55 2.978666294
58 55 -400.000000000
59 55 0.000000000
60 55 0.000000000
52 56 0.000000000
53 56 -400.000000000
54 56 -2.813262383
55 56 -0.000000000
56 56 802.182711549
57 56 8.248903867
58 56 -0.000000000
59 56 -400.000000000
60 56 0.000000000
52 57 0.000000000
53 57 0.000000000
54 57 -10000.000000000
55 57 2.978666294
56 57 8.248903867
57 57 19986.959688094
58 57 -2.057439517
59 57 -9.228485082
60 57 -10000.000000000
55 58 -400.000000000
56 58 -0.000000000
57 58 -2.057439517
58 58 801.986952497
59 58 0.000000000
60 58 5.773560575
61 58 -400.000000000
62 58 0.000000000
63 58 0.000000000
55 59 0.000000000
56 59 -400.000000000
57 59 -9.228485082
58 59 -0.000000000
59 59 801.986952497
60 59 2.904843033
61 59 0.000000000
62 59 -400.000000000
63 59 0.000000000
55 60 0.000000000
56 60 0.000000000
57 60 -10000.000000000
58 60 5.773560575
59 60 2.904843033
60 60 19961.075457977
61 60 -3.320428176
62 60 -5.504985633
63 60 -10000.000000000
58 61 -400.000000000
59 61 0.000000000
60 61 -3.320428176
61 61 802.112272609
62 61 0.055293236
63 61 1.754419851
64 61 -400.000000000
65 61 0.000000000
66 61 0.000000000
58 62 0.000000000
59 62 -400.000000000
60 62 -5.504985633
61 62 0.055293236
62 62 802.159339822
63 62 -0.844021799
64 62 0.000000000
65 62 -400.000000000
66 62 0.000000000
58 63 0.000000000
59 63 0.000000000
60 63 -10000.000000000
61 63 1.754419851
62 63 -0.844021799
63 63 19955.964485975
64 63 0.720993699
65 63 -1.111321265
66 63 -10000.000000000
61 64 -400.000000000
62 64 0.000000000
63 64 0.720993699
64 64 802.124630701
65 64 0.050889853
66 64 -2.466655756
67 64 -400.000000000
68 64 0.000000000
69 64 0.000000000
61 65 0.000000000
62 65 -400.000000000
63 65 -1.111321265
64 65 0.050889853
65 65 802.168359449
66 65 -3.549845465
67 65 0.000000000
68 65 -400.000000000
69 65 0.000000000
61 66 0.000000000
62 66 0.000000000
63 66 -10000.000000000
64 66 -2.466655756
65 66 -3.549845465
66 66 19959.386945196
67 66 4.766816481
68 66 1.732635428
69 66 -10000.000000000
64 67 -400.000000000
65 67 0.000000000
66 67 4.766816481
67 67 802.133535755
68 67 0.047958282
69 67 -8.350557994
70 67 -400.000000000
71 67 0.000000000
72 67 0.000000000
64 68 0.000000000
65 68 -400.000000000
66 68 1.732635428
67 68 0.047958282
68 68 802.174878193
69 68 -5.785181843
70 68 0.000000000
71 68 -400.000000000
72 68 0.000000000
64 69 0.000000000
65 69 0.000000000
66 69 -10000.000000000
67 69 -8.350557994
68 69 -5.785181843
69 69 19961.992531111
70 69 10.526471542
71 69 4.063632638
72 69 -10000.000000000
67 70 -400.000000000
68 70 0.000000000
69 70 10.526471542
70 70 802.143338404
71 70 0.090912369
72 70 -0.692600609
73 70 -400.000000000
74 70 0.000000000
75 70 0.000000000
67 71 0.000000000
68 71 -400.000000000
69 71 4.063632638
70 71 0.090912369
71 71 802.172242590
72 71 -5.348188247
73 71 0.000000000
74 71 -400.000000000
75 71 0.000000000
67 72 0.000000000
68 72 0.000000000
69 72 -10000.000000000
70 72 -0.692600609
71 72 -5.348188247
72 72 19958.685749875
73 72 3.116915373
74 72 3.340645094
75 72 -10000.000000000
70 73 -400.000000000
71 73 0.000000000
72 73 3.116915373
73 73 802.300533360
74 73 0.000000000
75 73 4.256838826
76 73 -400.000000000
77 73 0.000000000
78 73 0.000000000
70 74 0.000000000
71 74 -400.000000000
72 74 3.340645094
73 74 -0.000000000
74 74 802.300533360
75 74 -2.657892009
76 74 -0.000000000
77 74 -400.000000000
78 74 0.000000000
70 75 0.000000000
71 75 0.000000000
72 75 -10000.000000000
73 75 4.256838826
74 75 -2.657892009
75 75 20002.363496027
76 75 -4.256838826
77 75 2.657892009
78 75 -10000.000000000
73 76 -400.000000000
74 76 -0.000000000
75 76 -4.256838826
76 76 802.139558218
77 76 0.110393853
78 76 5.766224589
79 76 -400.000000000
80 76 -0.000000000
81 76 0.000000000
73 77 0.000000000
74 77 -400.000000000
75 77 2.657892009
76 77 0.110393853
77 77 802.192444263
78 77 -2.731691928
79 77 0.000000000
80 77 -400.000000000
81 77 0.000000000
73 78 0.000000000
74 78 0.000000000
75 78 -10000.000000000
76 78 5.766224589
77 78 -2.731691928
78 78 19959.277233102
79 78 -3.232154479
80 78 0.749709280
81 78 -10000.000000000
76 79 -400.000000000
77 79 0.000000000
78 79 -3.232154479
79 79 802.133480486
80 79 0.114432374
81 79 2.465889786
82 79 -400.000000000
83 79 0.000000000
84 79 0.000000000
76 80 -0.000000000
77 80 -400.000000000
78 80 0.749709280
79 80 0.114432374
80 80 802.188092049
81 80 2.031416897
82 80 0.000000000
83 80 -400.000000000
84 80 0.000000000
76 81 0.000000000
77 81 0.000000000
78 81 -10000.000000000
79 81 2.465889786
80 81 2.031416897
81 81 19957.573544237
82 81 0.164986095
83 81 -4.091959618
84 81 -10000.000000000
79 82 -400.000000000
80 82 0.000000000
81 82 0.164986095
82 82 802.300533360
83 82 0.000000000
84 82 -2.763752358
85 82 -400.000000000
86 82 0.000000000
87 82 0.000000000
79 83 0.000000000
80 83 -400.000000000
81 83 -4.091959618
82 83 0.000000000
83 83 802.300533360
84 83 0.921317797
85 83 0.000000000
86 83 -400.000000000
87 83 0.000000000
79 84 0.000000000
80 84 0.000000000
81 84 -10000.000000000
82 84 -2.763752358
83 84 0.921317797
84 84 20002.321751244
85 84 2.763752358
86 84 -0.921317797
87 84 -10000.000000000
82 85 -400.000000000
83 85 0.000000000
84 85 2.763752358
85 85 802.300533360
86 85 0.000000000
87 85 -1.639056367
88 85 -400.000000000
89 85 0.000000000
90 85 0.000000000
82 86 0.000000000
83 86 -400.000000000
84 86 -0.921317797
85 86 0.000000000
86 86 802.300533360
87 86 3.309634662
88 86 0.000000000
89 86 -400.000000000
90 86 0.000000000
82 87 0.000000000
83 87 0.000000000
84 87 -10000.000000000
85 87 -1.639056367
86 87 3.309634662
87 87 20002.334633829
88 87 1.639056367
89 87 -3.309634662
90 87 -10000.000000000
85 88 -400.000000000
86 88 0.000000000
87 88 1.639056367
88 88 802.300533360
89 88 0.000000000
90 88 -0.565397099
91 88 -400.000000000
92 88 0.000000000
93 88 0.000000000
85 89 0.000000000
86 89 -400.000000000
87 89 -3.309634662
88 89 0.000000000
89 89 802.300533360
90 89 7.240537278
91 89 0.000000000
92 89 -400.000000000
93 89 0.000000000
85 90 0.000000000
86 90 0.000000000
87 90 -10000.000000000
88 90 -0.565397099
89 90 7.240537278
90 90 20002.432395995
91 90 0.565397099
92 90 -7.240537278
93 90 -10000.000000000
88 91 -400.000000000
89 91 0.000000000
90 91 0.565397099
91 91 802.009536622
92 91 0.000000000
93 91 10.469688900
94 91 -400.000000000
95 91 0.000000000
96 91 0.000000000
88 92 0.000000000
89 92 -400.000000000
90 92 -7.240537278
91 92 0.000000000
92 92 802.009536622
93 92 5.758634956
94 92 0.000000000
95 92 -400.000000000
96 92 0.000000000
88 93 0.000000000
89 93 0.000000000
90 93 -10000.000000000
91 93 10.469688900
92 93 5.758634956
93 93 19958.526142219
94 93 -6.894178752
95 93 -5.650304180
96 93 -10000.000000000
91 94 -400.000000000
92 94 0.000000000
93 94 -6.894178752
94 94 801.845941923
95 94 0.121370531
96 94 12.377118534
97 94 -400.000000000
98 94 0.000000000
99 94 0.000000000
91 95 0.000000000
92 95 -400.000000000
93 95 -5.650304180
94 95 0.121370531
95 95 801.905918965
96 95 0.803498331
97 95 0.000000000
98 95 -400.000000000
99 95 0.000000000
91 96 0.000000000
92 96 0.000000000
93 96 -10000.000000000
94 96 12.377118534
95 96 0.803498331
96 96 19913.211568064
97 96 -6.180877580
98 96 -2.868303817
99 96 -10000.000000000
94 97 -400.000000000
95 97 0.000000000
96 97 -6.180877580
97 97 801.898298869
98 97 0.080204959
99 97 11.170342397
100 97 -400.000000000
101 97 0.000000000
102 97 0.000000000
94 98 0.000000000
95 98 -400.000000000
96 98 -2.868303817
97 98 0.080204959
98 98 801.967727207
99 98 0.195426886
100 98 -0.000000000
101 98 -400.000000000
102 98 0.000000000
94 99 0.000000000
95 99 0.000000000
96 99 -10000.000000000
97 99 11.170342397
98 99 0.195426886
99 99 19925.056565520
100 99 -5.726990894
101 99 -1.530397940
102 99 -10000.000000000
97 100 -400.000000000
98 100 -0.000000000
99 100 -5.726990894
100 100 802.045642721
101 100 -0.000000000
102 100 11.859481449
103 100 -400.000000000
104 100 -0.000000000
105 100 0.000000000
97 101 0.000000000
98 101 -400.000000000
99 101 -1.530397940
100 101 0.000000000
101 101 802.045642721
102 101 0.850744779
103 101 0.000000000
104 101 -400.000000000
105 101 0.000000000
97 102 0.000000000
98 102 0.000000000
99 102 -10000.000000000
100 102 11.859481449
101 102 0.850744779
102 102 19963.674949543
103 102 -8.715629902
104 102 -0.749451903
105 102 -10000.000000000
100 103 -400.000000000
101 103 0.000000000
102 103 -8.715629902
103 103 802.066591571
104 103 0.000000000
105 103 11.160866904
106 103 -400.000000000
107 103 0.000000000
108 103 0.000000000
100 104 -0.000000000
101 104 -400.000000000
102 104 -0.749451903
103 104 0.000000000
104 104 802.066591571
105 104 0.564034550
106 104 -0.000000000
107 104 -400.000000000
108 104 0.000000000
100 105 0.000000000
101 105 0.000000000
102 105 -10000.000000000
103 105 11.160866904
104 105 0.564034550
105 105 19966.719252178
106 105 -8.270303597
107 105 -0.470628373
108 105 -10000.000000000
103 106 -400.000000000
104 106 -0.000000000
105 106 -8.270303597
106 106 802.300533360
107 106 0.000000000
108 106 1.939955576
109 106 -400.000000000
110 106 -0.000000000
111 106 0.000000000
103 107 0.000000000
104 107 -400.000000000
105 107 -0.470628373
106 107 0.000000000
107 107 802.300533360
108 107 -3.301007914
109 107 0.000000000
110 107 -400.000000000
111 107 0.000000000
103 108 0.000000000
104 108 0.000000000
105 108 -10000.000000000
106 108 1.939955576
107 108 -3.301007914
108 108 20002.337183563
109 108 -1.939955576
110 108 3.301007914
111 108 -10000.000000000
106 109 -400.000000000
107 109 0.000000000
108 109 -1.939955576
109 109 802.300533360
110 109 -0.000000000
111 109 3.239727107
112 109 -400.000000000
113 109 0.000000000
114 109 0.000000000
106 110 -0.000000000
107 110 -400.000000000
108 110 3.301007914
109 110 0.000000000
110 110 802.300533360
111 110 -6.021669286
112 110 0.000000000
113 110 -400.000000000
114 110 0.000000000
106 111 0.000000000
107 111 0.000000000
108 111 -10000.000000000
109 111 3.239727107
110 111 -6.021669286
111 111 20002.417424192
112 111 -3.239727107
113 111 6.021669286
114 111 -10000.000000000
109 112 -400.000000000
110 112 0.000000000
111 112 -3.239727107
112 112 802.300533360
113 112 0.000000000
114 112 -2.579501142
115 112 -400.000000000
116 112 0.000000000
117 112 0.000000000
109 113 0.000000000
110 113 -400.000000000
111 113 6.021669286
112 113 0.000000000
113 113 802.300533360
114 113 -6.130580540
115 113 0.000000000
116 113 -400.000000000
117 113 0.000000000
109 114 0.000000000
110 114 0.000000000
111 114 -10000.000000000
112 114 -2.579501142
113 114 -6.130580540
114 114 20002.411127970
115 114 2.579501142
116 114 6.130580540
117 114 -10000.000000000
112 115 -400.000000000
113 115 0.000000000
114 115 2.579501142
115 115 802.102518747
116 115 0.135937632
117 115 -1.521818636
118 115 -400.000000000
119 115 0.000000000
120 115 0.000000000
112 116 0.000000000
113 116 -400.000000000
114 116 6.130580540
115 116 0.135937632
116 116 802.167167039
117 116 -5.041889141
118 116 -0.000000000
119 116 -400.000000000
120 116 0.000000000
112 117 0.000000000
113 117 0.000000000
114 117 -10000.000000000
115 117 -1.521818636
116 117 -5.041889141
117 117 19949.072405160
118 117 4.649956766
119 117 2.593281799
120 117 -10000.000000000
115 118 -400.000000000
116 118 -0.000000000
117 118 4.649956766
118 118 802.300533360
119 118 0.000000000
120 118 -6.543124922
121 118 -400.000000000
122 118 0.000000000
123 118 0.000000000
115 119 0.000000000
116 119 -400.000000000
117 119 2.593281799
118 119 -0.000000000
119 119 802.300533360
120 119 -3.648668831
121 119 -0.000000000
122 119 -400.000000000
123 119 0.000000000
115 120 0.000000000
116 120 0.000000000
117 120 -10000.000000000
118 120 -6.543124922
119 120 -3.648668831
120 120 20002.440846530
121 120 6.543124922
122 120 3.648668831
123 120 -10000.000000000
118 121 -400.000000000
119 121 -0.000000000
120 121 6.543124922
121 121 802.300533360
122 121 0.000000000
123 121 -6.299000345
124 121 -400.000000000
125 121 0.000000000
126 121 0.000000000
118 122 0.000000000
119 122 -400.000000000
120 122 3.648668831
121 122 -0.000000000
122 122 802.300533360
123 122 -4.288749042
124 122 0.000000000
125 122 -400.000000000
126 122 0.000000000
118 123 0.000000000
119 123 0.000000000
120 123 -10000.000000000
121 123 -6.299000345
122 123 -4.288749042
123 123 20002.445710295
124 123 6.299000345
125 123 4.288749042
126 123 -10000.000000000
121 124 -400.000000000
122 124 0.000000000
123 124 6.299000345
124 124 802.300533360
125 124 0.000000000
126 124 -6.869801757
127 124 -400.000000000
128 124 0.000000000
129 124 0.000000000
121 125 0.000000000
122 125 -400.000000000
123 125 4.288749042
124 125 0.000000000
125 125 802.300533360
126 125 -2.991971997
127 125 0.000000000
128 125 -400.000000000
129 125 0.000000000
121 126 0.000000000
122 126 0.000000000
123 126 -10000.000000000
124 126 -6.869801757
125 126 -2.991971997
126 126 20002.440898542
127 126 6.869801757
128 126 2.991971997
129 126 -10000.000000000
124 127 -400.000000000
125 127 0.000000000
126 127 6.869801757
127 127 802.300533360
128 127 0.000000000
129 127 -10.219764660
130 127 -400.000000000
131 127 0.000000000
132 127 0.000000000
124 128 0.000000000
125 128 -400.000000000
126 128 2.991971997
127 128 0.000000000
128 128 802.300533360
129 128 2.884765682
130 128 0.000000000
131 128 -400.000000000
132 128 0.000000000
124 129 0.000000000
125 129 0.000000000
126 129 -10000.000000000
127 129 -10.219764660
128 129 2.884765682
129 129 20002.582447017
130 129 10.219764660
131 129 -2.884765682
132 129 -10000.000000000
127 130 -400.000000000
128 130 0.000000000
129 130 10.219764660
130 130 402.300533360
131 130 0.000000000
132 130 0.000000000
127 131 0.000000000
128 131 -400.000000000
129 131 -2.884765682
130 131 0.000000000
131 131 402.300533360
132 131 0.000000000
127 132 0.000000000
128 132 0.000000000
129 132 -10000.000000000
130 132 0.000000000
131 132 0.000000000
132 132 10002.300533360
